<?xml version="1.0"?>
<opencv_storage>
<Distortion type_id="opencv-matrix">
  <rows>5</rows>
  <cols>1</cols>
  <dt>d</dt>
  <data>
    -1.2224285024918593e+00 1.3666590702788173e+02
    -3.9202039214237261e-02 -2.1670241611418051e-02
    -4.0579565618701604e+03</data></Distortion>
</opencv_storage>
