<?xml version="1.0"?>
<opencv_storage>
<Intrinsics type_id="opencv-matrix">
  <rows>3</rows>
  <cols>3</cols>
  <dt>d</dt>
  <data>
    2.7008884334250452e+03 0. 3.6068493736083622e+02 0.
    2.6762353473569738e+03 2.6591503562622108e+02 0. 0. 1.</data></Intrinsics>
</opencv_storage>
