<?xml version="1.0"?>
<opencv_storage>
<Scores type_id="opencv-matrix">
  <rows>3</rows>
  <cols>6</cols>
  <dt>f</dt>
  <data>
    9.12835312e+01 8.32990723e+01 8.14774017e+01 8.26699066e+01
    9.10623245e+01 9.00801392e+01 9.62597122e+01 8.74185104e+01
    8.98195801e+01 8.30422974e+01 9.16842728e+01 9.28465042e+01
    8.30261230e+01 6.50729599e+01 5.56337891e+01 8.13476334e+01
    8.59961777e+01 8.27240677e+01</data></Scores>
</opencv_storage>
