<?xml version="1.0"?>
<opencv_storage>
<Scores type_id="opencv-matrix">
  <rows>3</rows>
  <cols>6</cols>
  <dt>f</dt>
  <data>
    9.31652985e+01 8.29577713e+01 8.44891357e+01 8.26271362e+01
    8.98806610e+01 9.09406738e+01 9.62597122e+01 8.74185104e+01
    8.98195801e+01 8.30422974e+01 9.16842728e+01 9.28465042e+01
    8.79514465e+01 7.58525162e+01 7.07416306e+01 8.22988358e+01
    8.85987549e+01 8.64085770e+01</data></Scores>
</opencv_storage>
